28.45907211303711
124.24230575561523
407.9861640930176
1356.3220500946045
495.70703506469727
275.09498596191406
99.22099113464355
258.9256763458252
80.34300804138184
127.74491310119629
146.28100395202637
162.5978946685791
201.1270523071289
99.30920600891113
719.188928604126
704.6208381652832
898.8580703735352
225.9659767150879
105.78083992004395
384.3379020690918
43.88833045959473
239.3491268157959
29.685020446777344
15.264034271240234
515.1989459991455
1577.2731304168701
1487.8599643707275
1286.7510318756104
255.4178237915039
85.10589599609375
213.68098258972168
134.81998443603516
231.69589042663574
135.81204414367676
185.41407585144043
1162.5430583953857
187.03198432922363
1220.2367782592773
289.2129421234131
802.5538921356201
195.2989101409912
305.8600425720215
196.91896438598633
430.12309074401855
275.454044342041
235.08310317993164
661.5910530090332
423.2931137084961
654.0770530700684
541.4893627166748
1843.5001373291016
594.1648483276367
552.4718761444092
913.26904296875
1466.5329456329346
373.3680248260498
195.91498374938965
988.1510734558105
241.25099182128906
203.12190055847168
275.42972564697266
317.8863525390625
428.6930561065674
572.7050304412842
920.8230972290039
901.5319347381592
971.8611240386963
383.3279609680176
967.4749374389648
1662.8212928771973
217.35787391662598
862.1220588684082
486.7069721221924
580.9900760650635
1242.6259517669678
406.14891052246094
140.14387130737305
460.63899993896484
166.89801216125488
320.97506523132324
491.14012718200684
444.85998153686523
140.30814170837402
227.0982265472412
141.2672996520996
232.06496238708496
271.8701362609863
450.3350257873535
39.990901947021484
239.76922035217285
142.319917678833
424.1011142730713
115.55290222167969
131.5598487854004
400.831937789917
271.05093002319336
472.75495529174805
215.6689167022705
883.8620185852051
257.8611373901367
243.06774139404297
293.9779758453369
363.55113983154297
316.1892890930176
514.7700309753418
1024.1029262542725
366.8692111968994
98.89388084411621
677.7350902557373
1286.8397235870361
971.8101024627686
1123.1589317321777
904.7539234161377
219.5441722869873
1589.5769596099854
517.139196395874
1696.1989402770996
995.3799247741699
2657.9818725585938
866.1837577819824
3432.331085205078
547.7027893066406
879.3840408325195
4252.380847930908
1415.9109592437744
367.067813873291
943.4292316436768
368.5760498046875
566.5278434753418
1259.2670917510986
1415.3621196746826
1387.7270221710205
3469.7070121765137
1291.3269996643066
3815.9799575805664
1225.9719371795654
1483.0338954925537
655.2248001098633
4601.228713989258
1559.7989559173584
1012.2330188751221
3863.539934158325
1461.8022441864014
350.4750728607178
1389.451026916504
2372.213125228882
1228.3461093902588
4263.64278793335
2310.357093811035
890.7110691070557
3695.0197219848633
925.6289005279541
2023.1518745422363
3402.747869491577
1343.8458442687988
1337.2552394866943
