224.61581230163574
1093.1131839752197
1253.9048194885254
385.42962074279785
1688.370943069458
1040.20094871521
88.35601806640625
1669.1601276397705
109.0857982635498
126.29508972167969
187.2730255126953
91.80808067321777
116.88494682312012
122.34783172607422
168.43485832214355
202.1501064300537
169.59166526794434
207.5369358062744
85.71505546569824
206.5572738647461
101.70888900756836
106.48488998413086
101.48096084594727
124.20773506164551
155.98487854003906
121.68383598327637
168.5786247253418
195.36113739013672
170.93181610107422
207.3369026184082
85.65783500671387
208.59718322753906
101.14097595214844
104.96282577514648
101.43899917602539
120.88823318481445
151.42583847045898
120.361328125
168.05100440979004
235.55302619934082
167.0541763305664
249.00579452514648
150.01392364501953
248.6400604248047
230.84092140197754
361.2799644470215
231.70185089111328
307.8148365020752
222.85699844360352
303.070068359375
233.97493362426758
832.9317569732666
318.4809684753418
734.8740100860596
438.4808540344238
1144.4990634918213
464.8289680480957
369.8608875274658
1022.0270156860352
645.7359790802002
398.8468647003174
639.707088470459
404.9868583679199
468.05882453918457
428.4060001373291
1908.1437587738037
1349.7810363769531
690.3259754180908
811.1019134521484
343.81890296936035
1042.3212051391602
1224.3008613586426
363.74497413635254
1016.3693428039551
636.894941329956
547.6689338684082
391.6058540344238
1033.2880020141602
456.78019523620605
783.7412357330322
717.7999019622803
2870.975971221924
1992.600917816162
3466.373920440674
973.6499786376953
1417.9980754852295
3944.9000358581543
6538.810729980469
3572.7999210357666
6707.473993301392
4441.421985626221
4163.776636123657
3699.803113937378
2419.2819595336914
4863.518238067627
1206.3980102539062
1585.1669311523438
3120.382070541382
5170.09711265564
4908.756971359253
4582.992076873779
4941.642999649048
1413.8598442077637
4404.745101928711
1018.7289714813232
634.9289417266846
2288.832902908325
1199.6941566467285
610.6710433959961
1601.9082069396973
503.77798080444336
313.8470649719238
1836.2538814544678
