39.1080379486084
239.64691162109375
871.5929985046387
1076.1818885803223
292.79589653015137
152.74500846862793
353.32298278808594
678.9000034332275
660.346269607544
447.33595848083496
258.61096382141113
258.12816619873047
408.7057113647461
422.5890636444092
99.00999069213867
832.5409889221191
93.7659740447998
88.92416954040527
431.6389560699463
904.7439098358154
416.25499725341797
695.0945854187012
1445.650339126587
1417.9410934448242
2983.7028980255127
1181.8697452545166
1222.2509384155273
5224.705934524536
3401.092052459717
3620.439052581787
4389.9219036102295
3636.7390155792236
3498.2659816741943
5846.455097198486
3508.8770389556885
1357.079029083252
3596.625804901123
3501.2009143829346
1431.4188957214355
5869.865894317627
1435.2598190307617
1127.371072769165
2257.128953933716
1931.1327934265137
897.7429866790771
3608.875036239624
3491.400957107544
1433.197021484375
3549.776077270508
1374.7389316558838
89.22076225280762
1400.0132083892822
98.96492958068848
172.23000526428223
1390.5799388885498
733.9367866516113
2300.9560108184814
3697.6239681243896
1517.0080661773682
251.85465812683105
1970.134973526001
208.00113677978516
58.51006507873535
200.81090927124023
2330.7578563690186
258.10980796813965
2347.0001220703125
1891.6089534759521
1849.782943725586
3211.5070819854736
1849.8260974884033
1012.5479698181152
1819.0760612487793
806.0348033905029
364.11190032958984
1660.466194152832
426.90205574035645
344.0999984741211
5552.824974060059
1441.3230419158936
1345.5781936645508
2954.5772075653076
1565.9289360046387
251.61099433898926
1247.8740215301514
317.1701431274414
648.975133895874
1926.1209964752197
811.7170333862305
1340.6200408935547
3389.3470764160156
3308.7849617004395
808.2380294799805
3162.9199981689453
3190.143823623657
648.1931209564209
3661.5772247314453
2594.080924987793
769.312858581543
4193.292856216431
1424.4589805603027
1772.4628448486328
3366.542100906372
3670.5079078674316
828.7069797515869
