119.93694305419922
773.3292579650879
502.1328926086426
186.66911125183105
270.72620391845703
366.6250705718994
255.59616088867188
100.39877891540527
119.17614936828613
157.36126899719238
210.0808620452881
123.46816062927246
198.40574264526367
97.47910499572754
255.71513175964355
84.87772941589355
310.6400966644287
471.70305252075195
128.14903259277344
427.7021884918213
219.85983848571777
444.46301460266113
231.614351272583
639.488935470581
519.7081565856934
1309.201955795288
515.1453018188477
853.9600372314453
442.98315048217773
2101.978063583374
432.45387077331543
389.53232765197754
5214.534282684326
777.4171829223633
419.7368621826172
1856.8511009216309
1053.9560317993164
136.37995719909668
436.629056930542
866.6868209838867
590.1761054992676
287.04380989074707
331.22992515563965
68.52102279663086
718.0612087249756
92.81301498413086
82.17525482177734
211.4858627319336
649.0073204040527
29.963970184326172
1135.1497173309326
51.56111717224121
93.75190734863281
52.48713493347168
107.21206665039062
426.9587993621826
145.2198028564453
389.10412788391113
544.4087982177734
420.4690456390381
560.8429908752441
283.8478088378906
580.5501937866211
297.821044921875
126.35111808776855
165.4200553894043
274.47009086608887
831.0451507568359
286.80992126464844
177.6561737060547
142.46606826782227
661.2429618835449
188.35711479187012
385.822057723999
815.5190944671631
331.9559097290039
305.0880432128906
328.3510208129883
312.4408721923828
343.2891368865967
249.3150234222412
3089.3869400024414
937.3631477355957
886.1610889434814
1661.5180969238281
218.99700164794922
2395.313024520874
3830.8680057525635
3509.776830673218
2182.4569702148438
2721.294641494751
370.93091011047363
2673.6881732940674
611.0107898712158
814.4969940185547
543.7071323394775
975.8028984069824
609.6839904785156
803.1129837036133
1282.8779220581055
836.1771106719971
3822.9598999023438
1337.5380039215088
904.8099517822266
3384.9830627441406
1444.692850112915
3381.411075592041
4012.099027633667
1813.5759830474854
2735.121726989746
3068.8109397888184
1913.2468700408936
1221.3411331176758
2072.2038745880127
4146.062850952148
2039.8600101470947
2986.8340492248535
638.3752822875977
2844.2060947418213
2237.3790740966797
