106.02283477783203
570.1720714569092
2336.362838745117
2876.2569427490234
313.37499618530273
84.1531753540039
89.93291854858398
899.6210098266602
231.6417694091797
69.6871280670166
220.2301025390625
544.8970794677734
187.05201148986816
101.2263298034668
257.5418949127197
1104.7022342681885
59.89980697631836
374.97401237487793
1158.1487655639648
822.4987983703613
287.1549129486084
434.8609447479248
506.34312629699707
612.6918792724609
153.11002731323242
238.45505714416504
333.4159851074219
145.85185050964355
109.18712615966797
313.92717361450195
229.0780544281006
100.76498985290527
154.49213981628418
203.17387580871582
523.4239101409912
148.23675155639648
327.564001083374
132.86709785461426
426.76377296447754
164.7498607635498
118.34502220153809
153.839111328125
136.6887092590332
92.59414672851562
135.07080078125
96.94480895996094
230.82327842712402
154.2050838470459
168.7479019165039
102.20813751220703
186.74898147583008
341.42208099365234
452.045202255249
336.9729518890381
223.84381294250488
178.00498008728027
418.0171489715576
167.00506210327148
570.9519386291504
233.16073417663574
555.325984954834
591.1941528320312
551.630973815918
331.55202865600586
1103.9628982543945
747.0090389251709
1531.480073928833
1349.89595413208
3632.9898834228516
2223.581314086914
1006.4151287078857
4354.816913604736
1811.418056488037
2346.147060394287
3565.28902053833
382.05814361572266
1500.5967617034912
946.1169242858887
968.4031009674072
834.3780040740967
2158.9889526367188
4176.375865936279
1192.323923110962
2783.0638885498047
303.77793312072754
264.47486877441406
836.0419273376465
995.4202175140381
2919.386863708496
1826.5008926391602
478.90615463256836
173.37799072265625
910.7620716094971
897.1371650695801
800.2610206604004
761.3639831542969
290.12417793273926
716.8910503387451
531.4490795135498
259.6139907836914
527.6751518249512
204.10704612731934
147.98593521118164
262.94898986816406
148.29111099243164
282.9160690307617
397.04108238220215
523.813009262085
