27.719974517822266
68.27712059020996
465.9440517425537
451.9360065460205
807.379961013794
308.7422847747803
264.693021774292
1319.8778629302979
2310.962200164795
4524.231910705566
81.01010322570801
722.5050926208496
1995.8949089050293
1122.650146484375
674.8778820037842
1164.431095123291
525.1860618591309
420.2880859375
1350.4550457000732
1660.6841087341309
194.01073455810547
1777.9479026794434
236.0818386077881
241.8220043182373
223.80590438842773
631.7832469940186
434.337854385376
340.9240245819092
405.2102565765381
256.0610771179199
634.925127029419
584.022045135498
335.3700637817383
544.0402030944824
1936.6230964660645
280.84707260131836
1852.0748615264893
3570.493221282959
837.669849395752
3571.012020111084
1446.3798999786377
740.9131526947021
2174.5049953460693
3570.4188346862793
1018.7878608703613
1216.4897918701172
417.665958404541
1583.88090133667
1480.5948734283447
511.2450122833252
272.31907844543457
1341.9790267944336
1151.547908782959
442.9492950439453
4194.488048553467
1974.0557670593262
473.44398498535156
2223.8929271698
1177.7019500732422
1147.0410823822021
4395.0440883636475
1082.9029083251953
308.6981773376465
721.6501235961914
1169.9438095092773
266.76011085510254
3716.763973236084
1491.1420345306396
555.0620555877686
3717.6170349121094
1752.8557777404785
1098.0820655822754
3148.9241123199463
1083.6329460144043
2848.0827808380127
3863.971948623657
1043.583869934082
1160.088062286377
3731.098175048828
1283.3631038665771
102.95391082763672
814.2232894897461
156.50701522827148
305.53412437438965
707.007884979248
329.65707778930664
44.27003860473633
101.74894332885742
84.02800559997559
345.2887535095215
671.7789173126221
368.3969974517822
1018.4328556060791
379.50587272644043
407.1369171142578
468.2469367980957
407.44805335998535
1135.7781887054443
981.313943862915
490.4017448425293
991.9860363006592
1846.3099002838135
2829.1521072387695
460.7689380645752
166.97287559509277
530.1210880279541
1258.1450939178467
2662.5587940216064
1445.0819492340088
1833.2960605621338
428.4851551055908
1195.2579021453857
290.35019874572754
989.238977432251
1815.443992614746
1073.2698440551758
1298.558235168457
751.1279582977295
683.1910610198975
1118.217945098877
2773.984909057617
858.4468364715576
491.03307723999023
1132.1978569030762
622.7309703826904
1153.212070465088
1486.4120483398438
371.1881637573242
1032.444953918457
2458.361864089966
1040.3149127960205
416.49818420410156
991.9130802154541
128.33881378173828
202.3177146911621
