24.63698387145996
186.737060546875
126.33085250854492
93.0640697479248
108.03580284118652
13.551950454711914
28.012990951538086
61.86389923095703
22.210121154785156
80.62887191772461
125.33092498779297
80.41977882385254
78.18913459777832
120.95904350280762
22.069931030273438
8.563995361328125
15.568256378173828
30.646085739135742
31.376123428344727
187.37387657165527
25.94470977783203
134.22107696533203
88.78612518310547
82.30400085449219
78.23014259338379
132.72595405578613
97.20897674560547
39.24894332885742
124.9079704284668
51.87392234802246
17.294883728027344
121.60801887512207
38.84387016296387
76.91383361816406
119.10510063171387
20.647764205932617
8.838891983032227
41.13268852233887
7.683992385864258
3.9758682250976562
19.44112777709961
21.743059158325195
24.70707893371582
55.757761001586914
13.776063919067383
38.91730308532715
153.77092361450195
121.22201919555664
33.99491310119629
125.35429000854492
76.83396339416504
4.490852355957031
60.28914451599121
5.596160888671875
2.5339126586914062
28.522014617919922
36.26394271850586
14.096260070800781
86.9300365447998
24.748802185058594
26.700973510742188
145.25413513183594
68.59588623046875
34.84797477722168
122.82109260559082
52.64997482299805
18.232107162475586
88.7300968170166
30.714035034179688
31.223058700561523
12.607812881469727
11.984825134277344
16.411304473876953
36.67879104614258
1.7559528350830078
11.090993881225586
15.594005584716797
30.122995376586914
9.615898132324219
17.274141311645508
23.715972900390625
63.966989517211914
1.5659332275390625
24.88088607788086
79.88476753234863
15.021085739135742
90.76786041259766
58.99310111999512
30.093908309936523
97.49221801757812
83.0390453338623
41.413068771362305
123.3217716217041
10.371685028076172
24.475812911987305
10.82301139831543
26.879072189331055
43.15495491027832
7.208108901977539
18.289804458618164
89.24388885498047
