86.30704879760742
232.48791694641113
127.86293029785156
920.8199977874756
811.3348484039307
1292.9117679595947
782.8309535980225
1124.521255493164
36.765098571777344
813.7128353118896
3701.7250061035156
966.9137001037598
1227.7030944824219
891.9448852539062
33.96105766296387
1183.8569641113281
41.39900207519531
170.39203643798828
71.65718078613281
148.2839584350586
49.388885498046875
144.85812187194824
149.82199668884277
583.8258266448975
147.65429496765137
480.1771640777588
49.988746643066406
495.0289726257324
56.10179901123047
1369.455099105835
148.8819122314453
938.0381107330322
309.0229034423828
899.7268676757812
762.2771263122559
567.432165145874
485.6529235839844
458.920955657959
324.8119354248047
377.5918483734131
981.2538623809814
707.3748111724854
989.8643493652344
924.858808517456
855.7369709014893
928.2512664794922
231.48536682128906
310.0922107696533
424.27802085876465
745.290994644165
484.9569797515869
743.2479858398438
2619.5600032806396
1148.6527919769287
6090.995073318481
644.524097442627
1050.550937652588
3623.288869857788
4162.873029708862
1263.578176498413
3603.627920150757
3867.1982288360596
3349.4632244110107
3571.1312294006348
4161.793947219849
1248.6791610717773
3443.9711570739746
911.555290222168
659.8110198974609
2039.1111373901367
1508.2333087921143
1089.5209312438965
3542.9627895355225
364.3159866333008
367.96116828918457
524.0247249603271
125.94103813171387
120.06878852844238
641.4318084716797
397.4599838256836
1419.2721843719482
726.7899513244629
1400.5508422851562
1113.5749816894531
1204.2739391326904
1387.8247737884521
2060.7972145080566
2994.8768615722656
951.2429237365723
1418.9770221710205
1548.5780239105225
875.382661819458
257.86423683166504
685.1480007171631
1553.7171363830566
2970.4349040985107
4675.983905792236
3624.1631507873535
1914.1499996185303
2785.951852798462
4149.10888671875
