181.83517456054688
1732.3451042175293
1216.2790298461914
215.28291702270508
226.14097595214844
34.70206260681152
2473.356008529663
386.03901863098145
606.6322326660156
1201.0729312896729
1266.3161754608154
88.02413940429688
295.67503929138184
552.1359443664551
534.106969833374
131.86287879943848
145.53403854370117
305.15098571777344
393.3680057525635
134.85383987426758
208.77408981323242
240.92888832092285
124.0692138671875
210.9963893890381
371.6549873352051
229.03108596801758
201.8890380859375
269.3631649017334
354.10118103027344
138.40889930725098
544.7661876678467
127.37607955932617
839.7488594055176
707.352876663208
309.4470500946045
384.7839832305908
893.5492038726807
347.6688861846924
270.21002769470215
584.6011638641357
1547.375202178955
3236.84024810791
1442.183017730713
721.4310169219971
378.4151077270508
881.7720413208008
301.76472663879395
472.71203994750977
1476.7379760742188
274.9772071838379
160.83192825317383
683.7050914764404
553.5039901733398
423.00987243652344
502.3629665374756
1098.081111907959
1400.284767150879
5084.256172180176
3241.617202758789
184.51571464538574
955.1379680633545
147.2182273864746
413.118839263916
627.410888671875
992.5417900085449
181.10179901123047
965.9078121185303
147.5820541381836
437.4830722808838
621.3409900665283
971.2228775024414
180.0529956817627
980.1139831542969
148.34904670715332
406.22830390930176
63.80963325500488
1087.0389938354492
404.6950340270996
186.95592880249023
718.5051441192627
281.0847759246826
327.2359371185303
77.77118682861328
278.12719345092773
121.17815017700195
274.82104301452637
135.1318359375
175.45127868652344
138.5962963104248
169.3871021270752
70.12414932250977
155.82990646362305
96.73810005187988
537.5790596008301
201.12013816833496
529.8388004302979
84.59806442260742
558.419942855835
254.35495376586914
129.44483757019043
251.73282623291016
163.14172744750977
100.65793991088867
158.4620475769043
247.57122993469238
827.9459476470947
250.6389617919922
1328.1431198120117
259.40608978271484
1569.626808166504
505.0950050354004
616.0068511962891
240.97895622253418
239.26115036010742
117.30313301086426
694.7050094604492
155.69186210632324
245.99218368530273
308.03394317626953
209.4709873199463
652.2040367126465
197.39985466003418
660.7308387756348
1070.9021091461182
656.4769744873047
900.0861644744873
1330.5089473724365
452.894926071167
892.423152923584
412.75477409362793
969.3417549133301
537.9610061645508
1467.8459167480469
1227.3268699645996
2632.481098175049
1731.9080829620361
854.1247844696045
3274.6667861938477
1575.9732723236084
3246.1791038513184
735.4741096496582
3078.1359672546387
856.9140434265137
2524.545907974243
615.300178527832
2509.652853012085
723.517894744873
3063.0388259887695
853.8012504577637
3299.09610748291
1550.680160522461
3259.05704498291
674.5562553405762
3100.6901264190674
848.6509323120117
3268.742322921753
1549.3049621582031
3279.4079780578613
1613.9531135559082
3265.0811672210693
2339.855909347534
2549.2448806762695
264.5738124847412
1119.6951866149902
1487.5142574310303
1404.2837619781494
2898.991107940674
3757.333993911743
3314.115047454834
3406.4242839813232
1263.4291648864746
400.3310203552246
1158.027172088623
523.5052108764648
3872.263193130493
5598.145961761475
2842.463970184326
3382.3180198669434
4530.133962631226
4558.526039123535
3202.604055404663
3112.1091842651367
