140.69461822509766
1262.054204940796
280.7741165161133
127.12216377258301
382.84778594970703
376.9381046295166
266.664981842041
427.08301544189453
284.9767208099365
89.00094032287598
638.7660503387451
154.3591022491455
132.19690322875977
120.92375755310059
291.240930557251
128.75604629516602
296.68188095092773
147.95732498168945
177.11591720581055
143.93997192382812
196.4092254638672
175.98676681518555
188.13180923461914
188.11511993408203
752.8860569000244
187.32166290283203
785.7692241668701
176.55205726623535
757.8470706939697
201.05338096618652
810.9009265899658
232.8019142150879
611.2420558929443
125.86402893066406
616.2428855895996
190.69194793701172
278.0890464782715
209.18703079223633
305.861234664917
160.0959300994873
287.9641056060791
132.16090202331543
1670.1831817626953
379.810094833374
2585.2270126342773
730.0398349761963
1779.561996459961
642.9910659790039
842.642068862915
1617.5379753112793
1748.0449676513672
1608.954906463623
1164.2239093780518
2369.004011154175
4710.85000038147
1778.0439853668213
7696.753978729248
802.2000789642334
3197.2310543060303
2588.5260105133057
718.7690734863281
3087.1329307556152
6257.796287536621
3187.859058380127
5248.262882232666
3286.0469818115234
2238.852024078369
5184.913873672485
1645.517110824585
1008.1968307495117
1869.3277835845947
1216.1369323730469
320.6439018249512
2364.192008972168
548.3860969543457
378.13806533813477
1491.7302131652832
1278.2940864562988
1556.6132068634033
2898.158073425293
1899.8708724975586
2144.001007080078
2417.0660972595215
2196.9940662384033
402.4202823638916
1906.0742855072021
1945.0201988220215
759.7470283508301
2894.110918045044
1687.6707077026367
1017.4040794372559
1985.3429794311523
1528.4440517425537
921.1938381195068
1722.4619388580322
2586.989164352417
1031.769037246704
2060.7287883758545
546.8990802764893
1628.2968521118164
2712.3570442199707
6003.21888923645
2080.595016479492
3390.058994293213
2516.94393157959
2684.4379901885986
